0 0 0 0 0 0
0 0.125 0.0883948 0 0 0
0 0.25 0.390722 0 0 0
0 0.375 0.89063 0 0 0
0 0.5 1.59253 0 0 0
0 0.625 2.49476 0 0 0
0 0.75 3.49355 0 0 0
0 0.875 3.91665 0 0 0
0 1 0 0 1 0

0.125 0 0.0883948 0 0 0
0.125 0.125 0.186038 -0.000690816 -0.0189023 0.0154056
0.125 0.25 0.307738 -0.0030536 -0.0312512 0.0505471
0.125 0.375 0.472076 -0.00695999 -0.0438709 0.10207
0.125 0.5 0.63139 -0.0124439 -0.0563857 0.16596
0.125 0.625 0.64463 -0.0194921 -0.0624165 0.230484
0.125 0.75 0.087239 -0.0272941 -0.0264379 0.265236
0.125 0.875 -2.46886 -0.0305989 0.244791 0.207412
0.125 1 -12.0834 0 1 0

0.25 0 0.334782 0 0 0
0.25 0.125 0.260796 -0.00261651 -0.0540438 0.0148934
0.25 0.25 0.192994 -0.00937199 -0.0827737 0.0459414
0.25 0.375 0.0941942 -0.0197187 -0.107761 0.0888568
0.25 0.5 -0.114853 -0.0331888 -0.12091 0.138454
0.25 0.625 -0.585035 -0.0483026 -0.0971685 0.181097
0.25 0.75 -1.64672 -0.0604487 0.0313864 0.187951
0.25 0.875 -4.05893 -0.0565254 0.452203 0.120862
0.25 1 -8.76485 0 1 0

0.375 0 0.572977 0 0 0
0.375 0.125 0.3259 -0.00447818 -0.0850918 0.00636446
0.375 0.25 0.112114 -0.0151147 -0.125689 0.0193585
0.375 0.375 -0.156338 -0.0308258 -0.157358 0.0376453
0.375 0.5 -0.580363 -0.0504956 -0.163553 0.0597141
0.375 0.625 -1.2898 -0.0709397 -0.104023 0.0794014
0.375 0.75 -2.46923 -0.0839426 0.0984752 0.0817961
0.375 0.875 -4.37169 -0.0716332 0.573065 0.0489911
0.375 1 -6.83116 0 1 0

0.5 0 0.674775 0 0 0
0.5 0.125 0.352362 -0.00527374 -0.0980859 -0.00548622
0.5 0.25 0.0816945 -0.0175345 -0.143976 -0.0163197
0.5 0.375 -0.252185 -0.0355315 -0.179427 -0.0293291
0.5 0.5 -0.769917 -0.0579598 -0.18324 -0.0403386
0.5 0.625 -1.59733 -0.0808649 -0.106418 -0.0434423
0.5 0.75 -2.82732 -0.0941671 0.13128 -0.0339216
0.5 0.875 -4.43695 -0.077757 0.622056 -0.0148511
0.5 1 -6.04735 0 1 0

0.625 0 0.587047 0 0 0
0.625 0.125 0.327991 -0.00458796 -0.0872523 -0.015036
0.625 0.25 0.111934 -0.0154945 -0.130967 -0.0460421
0.625 0.375 -0.169693 -0.0318653 -0.168418 -0.0879919
0.625 0.5 -0.655085 -0.0529175 -0.180136 -0.133943
0.625 0.625 -1.50983 -0.0754346 -0.115938 -0.167973
0.625 0.75 -2.85269 -0.0899269 0.11221 -0.16236
0.625 0.875 -4.58454 -0.0759006 0.607205 -0.0929228
0.625 1 -6.28494 0 1 0

0.75 0 0.346575 0 0 0
0.75 0.125 0.268077 -0.00270846 -0.0562462 -0.016105
0.75 0.25 0.207635 -0.00973924 -0.0890168 -0.0528583
0.75 0.375 0.107726 -0.0208663 -0.122466 -0.107976
0.75 0.5 -0.167653 -0.0361746 -0.146107 -0.17854
0.75 0.625 -0.860545 -0.054438 -0.121552 -0.250986
0.75 0.75 -2.30219 -0.0696319 0.0427731 -0.285808
0.75 0.875 -4.70758 -0.0642853 0.514282 -0.20986
0.75 1 -7.77161 0 1 0

0.875 0 0.0889842 0 0 0
0.875 0.125 0.195781 -0.000695332 -0.0194929 -0.00556265
0.875 0.25 0.337676 -0.00313194 -0.0338996 -0.0250556
0.875 0.375 0.536182 -0.00736939 -0.0519019 -0.0589552
0.875 0.5 0.715531 -0.0138571 -0.0736603 -0.110857
0.875 0.625 0.636308 -0.0230647 -0.0867298 -0.184517
0.875 0.75 -0.311951 -0.0339059 -0.0331748 -0.271247
0.875 0.875 -3.45727 -0.0380527 0.304422 -0.304422
0.875 1 -11.1293 0 1 0

1 0 0 0 0 0
1 0.125 0.0889842 0 0 0
1 0.25 0.400788 0 0 0
1 0.375 0.94309 0 0 0
1 0.5 1.77347 0 0 0
1 0.625 2.95205 0 0 0
1 0.75 4.33981 0 0 0
1 0.875 4.87071 0 0 0
1 1 0 0 1 0

