0 0
0 0
0 0
0 0
0 0
0 0
0 0
0 0
1 0

0 0
-0.0188432 0.01535
-0.0311798 0.0503678
-0.0438352 0.101757
-0.0564151 0.165577
-0.0624948 0.230139
-0.0265042 0.265021
0.244785 0.207341
1 0

0 0
-0.0538609 0.0148287
-0.0825693 0.0457508
-0.107655 0.0885377
-0.120977 0.138064
-0.0973763 0.180733
0.0311757 0.187705
0.452126 0.120768
1 0

0 0
-0.084783 0.00633114
-0.125356 0.0192644
-0.157182 0.0374907
-0.163646 0.0595231
-0.104348 0.0792148
0.0981122 0.0816602
0.572894 0.0489362
1 0

0 0
-0.0977162 -0.00546506
-0.143583 -0.0162578
-0.179214 -0.0292271
-0.183338 -0.0402211
-0.106793 -0.0433461
0.130836 -0.0338693
0.62183 -0.0148348
1 0

0 0
-0.0869235 -0.0149712
-0.130613 -0.0458536
-0.16822 -0.0876792
-0.180213 -0.133568
-0.11627 -0.167636
0.111802 -0.162146
0.606996 -0.0928487
1 0

0 0
-0.0560411 -0.0160402
-0.0887876 -0.0526557
-0.122331 -0.107626
-0.146145 -0.178108
-0.12176 -0.250586
0.0425041 -0.285547
0.514147 -0.209772
1 0

0 0
-0.0194255 -0.00554613
-0.0338173 -0.0249717
-0.0518491 -0.058789
-0.0736669 -0.110638
-0.0867988 -0.184305
-0.0332714 -0.271104
0.304375 -0.304375
1 0

0 0
0 0
0 0
0 0
0 0
0 0
0 0
0 0
1 0